Num 32
=
NumVertices 8
0 : -24 19 1 : -4 0 0 : 9
1 : -24 19 2 : -4 0 0 : 9
2 : -24 20 1 : -4 0 0 : 9
3 : -23 19 1 : -4 0 0 : 9
4 : -23 19 2 : -4 0 0 : 9
5 : -24 20 2 : -4 0 0 : 9
6 : -23 20 1 : -4 0 0 : 9
7 : -23 20 2 : -4 0 0 : 9
NumEdges 12
1 2
1 3
1 4
2 5
2 6
3 6
3 7
4 5
4 7
5 8
6 8
7 8
NumFaces 12
1 : 1 3 7
2 : 1 4 7
3 : 1 4 5
4 : 1 2 5
5 : 1 2 6
6 : 1 3 6
7 : 2 5 8
8 : 2 6 8
9 : 3 6 8
10 : 3 7 8
11 : 4 5 8
12 : 4 7 8
ID 1
=
NumVertices 8
0 : -17 -22 -9 : 4 0 0 : 5
1 : -17 -22 -8 : 4 0 0 : 5
2 : -17 -21 -9 : 4 0 0 : 5
3 : -16 -22 -9 : 4 0 0 : 5
4 : -16 -22 -8 : 4 0 0 : 5
5 : -17 -21 -8 : 4 0 0 : 5
6 : -16 -21 -9 : 4 0 0 : 5
7 : -16 -21 -8 : 4 0 0 : 5
NumEdges 12
1 2
1 3
1 4
2 5
2 6
3 6
3 7
4 5
4 7
5 8
6 8
7 8
NumFaces 12
1 : 1 3 7
2 : 1 4 7
3 : 1 4 5
4 : 1 2 5
5 : 1 2 6
6 : 1 3 6
7 : 2 5 8
8 : 2 6 8
9 : 3 6 8
10 : 3 7 8
11 : 4 5 8
12 : 4 7 8
ID 2
=
NumVertices 8
0 : 11 2 -12 : 4 0 0 : 17
1 : 11 2 -11 : 4 0 0 : 17
2 : 11 3 -12 : 4 0 0 : 17
3 : 12 2 -12 : 4 0 0 : 17
4 : 12 2 -11 : 4 0 0 : 17
5 : 11 3 -11 : 4 0 0 : 17
6 : 12 3 -12 : 4 0 0 : 17
7 : 12 3 -11 : 4 0 0 : 17
NumEdges 12
1 2
1 3
1 4
2 5
2 6
3 6
3 7
4 5
4 7
5 8
6 8
7 8
NumFaces 12
1 : 1 3 7
2 : 1 4 7
3 : 1 4 5
4 : 1 2 5
5 : 1 2 6
6 : 1 3 6
7 : 2 5 8
8 : 2 6 8
9 : 3 6 8
10 : 3 7 8
11 : 4 5 8
12 : 4 7 8
ID 3
=
NumVertices 8
0 : 24 -1 -14 : -2 0 0 : 22
1 : 24 -1 -13 : -2 0 0 : 22
2 : 24 0 -14 : -2 0 0 : 22
3 : 25 -1 -14 : -2 0 0 : 22
4 : 25 -1 -13 : -2 0 0 : 22
5 : 24 0 -13 : -2 0 0 : 22
6 : 25 0 -14 : -2 0 0 : 22
7 : 25 0 -13 : -2 0 0 : 22
NumEdges 12
1 2
1 3
1 4
2 5
2 6
3 6
3 7
4 5
4 7
5 8
6 8
7 8
NumFaces 12
1 : 1 3 7
2 : 1 4 7
3 : 1 4 5
4 : 1 2 5
5 : 1 2 6
6 : 1 3 6
7 : 2 5 8
8 : 2 6 8
9 : 3 6 8
10 : 3 7 8
11 : 4 5 8
12 : 4 7 8
ID 4
=
NumVertices 8
0 : -7 23 -10 : 3 0 0 : 20
1 : -7 23 -9 : 3 0 0 : 20
2 : -7 24 -10 : 3 0 0 : 20
3 : -6 23 -10 : 3 0 0 : 20
4 : -6 23 -9 : 3 0 0 : 20
5 : -7 24 -9 : 3 0 0 : 20
6 : -6 24 -10 : 3 0 0 : 20
7 : -6 24 -9 : 3 0 0 : 20
NumEdges 12
1 2
1 3
1 4
2 5
2 6
3 6
3 7
4 5
4 7
5 8
6 8
7 8
NumFaces 12
1 : 1 3 7
2 : 1 4 7
3 : 1 4 5
4 : 1 2 5
5 : 1 2 6
6 : 1 3 6
7 : 2 5 8
8 : 2 6 8
9 : 3 6 8
10 : 3 7 8
11 : 4 5 8
12 : 4 7 8
ID 5
=
NumVertices 8
0 : 5 14 3 : -3 0 0 : 4
1 : 5 14 4 : -3 0 0 : 4
2 : 5 15 3 : -3 0 0 : 4
3 : 6 14 3 : -3 0 0 : 4
4 : 6 14 4 : -3 0 0 : 4
5 : 5 15 4 : -3 0 0 : 4
6 : 6 15 3 : -3 0 0 : 4
7 : 6 15 4 : -3 0 0 : 4
NumEdges 12
1 2
1 3
1 4
2 5
2 6
3 6
3 7
4 5
4 7
5 8
6 8
7 8
NumFaces 12
1 : 1 3 7
2 : 1 4 7
3 : 1 4 5
4 : 1 2 5
5 : 1 2 6
6 : 1 3 6
7 : 2 5 8
8 : 2 6 8
9 : 3 6 8
10 : 3 7 8
11 : 4 5 8
12 : 4 7 8
ID 6
=
NumVertices 8
0 : 13 -3 18 : 4 0 0 : 23
1 : 13 -3 19 : 4 0 0 : 23
2 : 13 -2 18 : 4 0 0 : 23
3 : 14 -3 18 : 4 0 0 : 23
4 : 14 -3 19 : 4 0 0 : 23
5 : 13 -2 19 : 4 0 0 : 23
6 : 14 -2 18 : 4 0 0 : 23
7 : 14 -2 19 : 4 0 0 : 23
NumEdges 12
1 2
1 3
1 4
2 5
2 6
3 6
3 7
4 5
4 7
5 8
6 8
7 8
NumFaces 12
1 : 1 3 7
2 : 1 4 7
3 : 1 4 5
4 : 1 2 5
5 : 1 2 6
6 : 1 3 6
7 : 2 5 8
8 : 2 6 8
9 : 3 6 8
10 : 3 7 8
11 : 4 5 8
12 : 4 7 8
ID 7
=
NumVertices 8
0 : -1 11 -9 : 0 0 0 : 2
1 : -1 11 -8 : 0 0 0 : 2
2 : -1 12 -9 : 0 0 0 : 2
3 : 0 11 -9 : 0 0 0 : 2
4 : 0 11 -8 : 0 0 0 : 2
5 : -1 12 -8 : 0 0 0 : 2
6 : 0 12 -9 : 0 0 0 : 2
7 : 0 12 -8 : 0 0 0 : 2
NumEdges 12
1 2
1 3
1 4
2 5
2 6
3 6
3 7
4 5
4 7
5 8
6 8
7 8
NumFaces 12
1 : 1 3 7
2 : 1 4 7
3 : 1 4 5
4 : 1 2 5
5 : 1 2 6
6 : 1 3 6
7 : 2 5 8
8 : 2 6 8
9 : 3 6 8
10 : 3 7 8
11 : 4 5 8
12 : 4 7 8
ID 8
=
NumVertices 8
0 : -4 3 -21 : 4 0 0 : 6
1 : -4 3 -20 : 4 0 0 : 6
2 : -4 4 -21 : 4 0 0 : 6
3 : -3 3 -21 : 4 0 0 : 6
4 : -3 3 -20 : 4 0 0 : 6
5 : -4 4 -20 : 4 0 0 : 6
6 : -3 4 -21 : 4 0 0 : 6
7 : -3 4 -20 : 4 0 0 : 6
NumEdges 12
1 2
1 3
1 4
2 5
2 6
3 6
3 7
4 5
4 7
5 8
6 8
7 8
NumFaces 12
1 : 1 3 7
2 : 1 4 7
3 : 1 4 5
4 : 1 2 5
5 : 1 2 6
6 : 1 3 6
7 : 2 5 8
8 : 2 6 8
9 : 3 6 8
10 : 3 7 8
11 : 4 5 8
12 : 4 7 8
ID 9
=
NumVertices 8
0 : -8 24 17 : -5 0 0 : 14
1 : -8 24 18 : -5 0 0 : 14
2 : -8 25 17 : -5 0 0 : 14
3 : -7 24 17 : -5 0 0 : 14
4 : -7 24 18 : -5 0 0 : 14
5 : -8 25 18 : -5 0 0 : 14
6 : -7 25 17 : -5 0 0 : 14
7 : -7 25 18 : -5 0 0 : 14
NumEdges 12
1 2
1 3
1 4
2 5
2 6
3 6
3 7
4 5
4 7
5 8
6 8
7 8
NumFaces 12
1 : 1 3 7
2 : 1 4 7
3 : 1 4 5
4 : 1 2 5
5 : 1 2 6
6 : 1 3 6
7 : 2 5 8
8 : 2 6 8
9 : 3 6 8
10 : 3 7 8
11 : 4 5 8
12 : 4 7 8
ID 10
=
NumVertices 8
0 : 7 -10 -23 : -2 0 0 : 25
1 : 7 -10 -22 : -2 0 0 : 25
2 : 7 -9 -23 : -2 0 0 : 25
3 : 8 -10 -23 : -2 0 0 : 25
4 : 8 -10 -22 : -2 0 0 : 25
5 : 7 -9 -22 : -2 0 0 : 25
6 : 8 -9 -23 : -2 0 0 : 25
7 : 8 -9 -22 : -2 0 0 : 25
NumEdges 12
1 2
1 3
1 4
2 5
2 6
3 6
3 7
4 5
4 7
5 8
6 8
7 8
NumFaces 12
1 : 1 3 7
2 : 1 4 7
3 : 1 4 5
4 : 1 2 5
5 : 1 2 6
6 : 1 3 6
7 : 2 5 8
8 : 2 6 8
9 : 3 6 8
10 : 3 7 8
11 : 4 5 8
12 : 4 7 8
ID 11
=
NumVertices 8
0 : 19 9 -5 : 2 0 0 : 5
1 : 19 9 -4 : 2 0 0 : 5
2 : 19 10 -5 : 2 0 0 : 5
3 : 20 9 -5 : 2 0 0 : 5
4 : 20 9 -4 : 2 0 0 : 5
5 : 19 10 -4 : 2 0 0 : 5
6 : 20 10 -5 : 2 0 0 : 5
7 : 20 10 -4 : 2 0 0 : 5
NumEdges 12
1 2
1 3
1 4
2 5
2 6
3 6
3 7
4 5
4 7
5 8
6 8
7 8
NumFaces 12
1 : 1 3 7
2 : 1 4 7
3 : 1 4 5
4 : 1 2 5
5 : 1 2 6
6 : 1 3 6
7 : 2 5 8
8 : 2 6 8
9 : 3 6 8
10 : 3 7 8
11 : 4 5 8
12 : 4 7 8
ID 12
=
NumVertices 8
0 : 8 -17 16 : -1 0 0 : 13
1 : 8 -17 17 : -1 0 0 : 13
2 : 8 -16 16 : -1 0 0 : 13
3 : 9 -17 16 : -1 0 0 : 13
4 : 9 -17 17 : -1 0 0 : 13
5 : 8 -16 17 : -1 0 0 : 13
6 : 9 -16 16 : -1 0 0 : 13
7 : 9 -16 17 : -1 0 0 : 13
NumEdges 12
1 2
1 3
1 4
2 5
2 6
3 6
3 7
4 5
4 7
5 8
6 8
7 8
NumFaces 12
1 : 1 3 7
2 : 1 4 7
3 : 1 4 5
4 : 1 2 5
5 : 1 2 6
6 : 1 3 6
7 : 2 5 8
8 : 2 6 8
9 : 3 6 8
10 : 3 7 8
11 : 4 5 8
12 : 4 7 8
ID 13
=
NumVertices 8
0 : 9 12 12 : 3 0 0 : 2
1 : 9 12 13 : 3 0 0 : 2
2 : 9 13 12 : 3 0 0 : 2
3 : 10 12 12 : 3 0 0 : 2
4 : 10 12 13 : 3 0 0 : 2
5 : 9 13 13 : 3 0 0 : 2
6 : 10 13 12 : 3 0 0 : 2
7 : 10 13 13 : 3 0 0 : 2
NumEdges 12
1 2
1 3
1 4
2 5
2 6
3 6
3 7
4 5
4 7
5 8
6 8
7 8
NumFaces 12
1 : 1 3 7
2 : 1 4 7
3 : 1 4 5
4 : 1 2 5
5 : 1 2 6
6 : 1 3 6
7 : 2 5 8
8 : 2 6 8
9 : 3 6 8
10 : 3 7 8
11 : 4 5 8
12 : 4 7 8
ID 14
=
NumVertices 8
0 : 9 -2 -16 : -5 0 0 : 9
1 : 9 -2 -15 : -5 0 0 : 9
2 : 9 -1 -16 : -5 0 0 : 9
3 : 10 -2 -16 : -5 0 0 : 9
4 : 10 -2 -15 : -5 0 0 : 9
5 : 9 -1 -15 : -5 0 0 : 9
6 : 10 -1 -16 : -5 0 0 : 9
7 : 10 -1 -15 : -5 0 0 : 9
NumEdges 12
1 2
1 3
1 4
2 5
2 6
3 6
3 7
4 5
4 7
5 8
6 8
7 8
NumFaces 12
1 : 1 3 7
2 : 1 4 7
3 : 1 4 5
4 : 1 2 5
5 : 1 2 6
6 : 1 3 6
7 : 2 5 8
8 : 2 6 8
9 : 3 6 8
10 : 3 7 8
11 : 4 5 8
12 : 4 7 8
ID 15
=
NumVertices 8
0 : 12 2 15 : 3 0 0 : 13
1 : 12 2 16 : 3 0 0 : 13
2 : 12 3 15 : 3 0 0 : 13
3 : 13 2 15 : 3 0 0 : 13
4 : 13 2 16 : 3 0 0 : 13
5 : 12 3 16 : 3 0 0 : 13
6 : 13 3 15 : 3 0 0 : 13
7 : 13 3 16 : 3 0 0 : 13
NumEdges 12
1 2
1 3
1 4
2 5
2 6
3 6
3 7
4 5
4 7
5 8
6 8
7 8
NumFaces 12
1 : 1 3 7
2 : 1 4 7
3 : 1 4 5
4 : 1 2 5
5 : 1 2 6
6 : 1 3 6
7 : 2 5 8
8 : 2 6 8
9 : 3 6 8
10 : 3 7 8
11 : 4 5 8
12 : 4 7 8
ID 16
=
NumVertices 8
0 : -19 -4 3 : -5 0 0 : 8
1 : -19 -4 4 : -5 0 0 : 8
2 : -19 -3 3 : -5 0 0 : 8
3 : -18 -4 3 : -5 0 0 : 8
4 : -18 -4 4 : -5 0 0 : 8
5 : -19 -3 4 : -5 0 0 : 8
6 : -18 -3 3 : -5 0 0 : 8
7 : -18 -3 4 : -5 0 0 : 8
NumEdges 12
1 2
1 3
1 4
2 5
2 6
3 6
3 7
4 5
4 7
5 8
6 8
7 8
NumFaces 12
1 : 1 3 7
2 : 1 4 7
3 : 1 4 5
4 : 1 2 5
5 : 1 2 6
6 : 1 3 6
7 : 2 5 8
8 : 2 6 8
9 : 3 6 8
10 : 3 7 8
11 : 4 5 8
12 : 4 7 8
ID 17
=
NumVertices 8
0 : 25 20 24 : 0 0 0 : 25
1 : 25 20 25 : 0 0 0 : 25
2 : 25 21 24 : 0 0 0 : 25
3 : 26 20 24 : 0 0 0 : 25
4 : 26 20 25 : 0 0 0 : 25
5 : 25 21 25 : 0 0 0 : 25
6 : 26 21 24 : 0 0 0 : 25
7 : 26 21 25 : 0 0 0 : 25
NumEdges 12
1 2
1 3
1 4
2 5
2 6
3 6
3 7
4 5
4 7
5 8
6 8
7 8
NumFaces 12
1 : 1 3 7
2 : 1 4 7
3 : 1 4 5
4 : 1 2 5
5 : 1 2 6
6 : 1 3 6
7 : 2 5 8
8 : 2 6 8
9 : 3 6 8
10 : 3 7 8
11 : 4 5 8
12 : 4 7 8
ID 18
=
NumVertices 8
0 : -7 -22 -25 : 0 0 0 : 16
1 : -7 -22 -24 : 0 0 0 : 16
2 : -7 -21 -25 : 0 0 0 : 16
3 : -6 -22 -25 : 0 0 0 : 16
4 : -6 -22 -24 : 0 0 0 : 16
5 : -7 -21 -24 : 0 0 0 : 16
6 : -6 -21 -25 : 0 0 0 : 16
7 : -6 -21 -24 : 0 0 0 : 16
NumEdges 12
1 2
1 3
1 4
2 5
2 6
3 6
3 7
4 5
4 7
5 8
6 8
7 8
NumFaces 12
1 : 1 3 7
2 : 1 4 7
3 : 1 4 5
4 : 1 2 5
5 : 1 2 6
6 : 1 3 6
7 : 2 5 8
8 : 2 6 8
9 : 3 6 8
10 : 3 7 8
11 : 4 5 8
12 : 4 7 8
ID 19
=
NumVertices 8
0 : -4 -16 6 : 5 0 0 : 6
1 : -4 -16 7 : 5 0 0 : 6
2 : -4 -15 6 : 5 0 0 : 6
3 : -3 -16 6 : 5 0 0 : 6
4 : -3 -16 7 : 5 0 0 : 6
5 : -4 -15 7 : 5 0 0 : 6
6 : -3 -15 6 : 5 0 0 : 6
7 : -3 -15 7 : 5 0 0 : 6
NumEdges 12
1 2
1 3
1 4
2 5
2 6
3 6
3 7
4 5
4 7
5 8
6 8
7 8
NumFaces 12
1 : 1 3 7
2 : 1 4 7
3 : 1 4 5
4 : 1 2 5
5 : 1 2 6
6 : 1 3 6
7 : 2 5 8
8 : 2 6 8
9 : 3 6 8
10 : 3 7 8
11 : 4 5 8
12 : 4 7 8
ID 20
=
NumVertices 8
0 : -9 -10 -8 : -5 0 0 : 7
1 : -9 -10 -7 : -5 0 0 : 7
2 : -9 -9 -8 : -5 0 0 : 7
3 : -8 -10 -8 : -5 0 0 : 7
4 : -8 -10 -7 : -5 0 0 : 7
5 : -9 -9 -7 : -5 0 0 : 7
6 : -8 -9 -8 : -5 0 0 : 7
7 : -8 -9 -7 : -5 0 0 : 7
NumEdges 12
1 2
1 3
1 4
2 5
2 6
3 6
3 7
4 5
4 7
5 8
6 8
7 8
NumFaces 12
1 : 1 3 7
2 : 1 4 7
3 : 1 4 5
4 : 1 2 5
5 : 1 2 6
6 : 1 3 6
7 : 2 5 8
8 : 2 6 8
9 : 3 6 8
10 : 3 7 8
11 : 4 5 8
12 : 4 7 8
ID 21
=
NumVertices 8
0 : -25 -6 6 : -3 0 0 : 2
1 : -25 -6 7 : -3 0 0 : 2
2 : -25 -5 6 : -3 0 0 : 2
3 : -24 -6 6 : -3 0 0 : 2
4 : -24 -6 7 : -3 0 0 : 2
5 : -25 -5 7 : -3 0 0 : 2
6 : -24 -5 6 : -3 0 0 : 2
7 : -24 -5 7 : -3 0 0 : 2
NumEdges 12
1 2
1 3
1 4
2 5
2 6
3 6
3 7
4 5
4 7
5 8
6 8
7 8
NumFaces 12
1 : 1 3 7
2 : 1 4 7
3 : 1 4 5
4 : 1 2 5
5 : 1 2 6
6 : 1 3 6
7 : 2 5 8
8 : 2 6 8
9 : 3 6 8
10 : 3 7 8
11 : 4 5 8
12 : 4 7 8
ID 22
=
NumVertices 8
0 : -12 -4 13 : 2 0 0 : 4
1 : -12 -4 14 : 2 0 0 : 4
2 : -12 -3 13 : 2 0 0 : 4
3 : -11 -4 13 : 2 0 0 : 4
4 : -11 -4 14 : 2 0 0 : 4
5 : -12 -3 14 : 2 0 0 : 4
6 : -11 -3 13 : 2 0 0 : 4
7 : -11 -3 14 : 2 0 0 : 4
NumEdges 12
1 2
1 3
1 4
2 5
2 6
3 6
3 7
4 5
4 7
5 8
6 8
7 8
NumFaces 12
1 : 1 3 7
2 : 1 4 7
3 : 1 4 5
4 : 1 2 5
5 : 1 2 6
6 : 1 3 6
7 : 2 5 8
8 : 2 6 8
9 : 3 6 8
10 : 3 7 8
11 : 4 5 8
12 : 4 7 8
ID 23
=
NumVertices 8
0 : -7 18 -18 : -5 0 0 : 6
1 : -7 18 -17 : -5 0 0 : 6
2 : -7 19 -18 : -5 0 0 : 6
3 : -6 18 -18 : -5 0 0 : 6
4 : -6 18 -17 : -5 0 0 : 6
5 : -7 19 -17 : -5 0 0 : 6
6 : -6 19 -18 : -5 0 0 : 6
7 : -6 19 -17 : -5 0 0 : 6
NumEdges 12
1 2
1 3
1 4
2 5
2 6
3 6
3 7
4 5
4 7
5 8
6 8
7 8
NumFaces 12
1 : 1 3 7
2 : 1 4 7
3 : 1 4 5
4 : 1 2 5
5 : 1 2 6
6 : 1 3 6
7 : 2 5 8
8 : 2 6 8
9 : 3 6 8
10 : 3 7 8
11 : 4 5 8
12 : 4 7 8
ID 24
=
NumVertices 8
0 : -24 -24 8 : 5 0 0 : 6
1 : -24 -24 9 : 5 0 0 : 6
2 : -24 -23 8 : 5 0 0 : 6
3 : -23 -24 8 : 5 0 0 : 6
4 : -23 -24 9 : 5 0 0 : 6
5 : -24 -23 9 : 5 0 0 : 6
6 : -23 -23 8 : 5 0 0 : 6
7 : -23 -23 9 : 5 0 0 : 6
NumEdges 12
1 2
1 3
1 4
2 5
2 6
3 6
3 7
4 5
4 7
5 8
6 8
7 8
NumFaces 12
1 : 1 3 7
2 : 1 4 7
3 : 1 4 5
4 : 1 2 5
5 : 1 2 6
6 : 1 3 6
7 : 2 5 8
8 : 2 6 8
9 : 3 6 8
10 : 3 7 8
11 : 4 5 8
12 : 4 7 8
ID 25
=
NumVertices 8
0 : -1 8 11 : 1 0 0 : 18
1 : -1 8 12 : 1 0 0 : 18
2 : -1 9 11 : 1 0 0 : 18
3 : 0 8 11 : 1 0 0 : 18
4 : 0 8 12 : 1 0 0 : 18
5 : -1 9 12 : 1 0 0 : 18
6 : 0 9 11 : 1 0 0 : 18
7 : 0 9 12 : 1 0 0 : 18
NumEdges 12
1 2
1 3
1 4
2 5
2 6
3 6
3 7
4 5
4 7
5 8
6 8
7 8
NumFaces 12
1 : 1 3 7
2 : 1 4 7
3 : 1 4 5
4 : 1 2 5
5 : 1 2 6
6 : 1 3 6
7 : 2 5 8
8 : 2 6 8
9 : 3 6 8
10 : 3 7 8
11 : 4 5 8
12 : 4 7 8
ID 26
=
NumVertices 8
0 : -12 0 0 : 1 0 0 : 7
1 : -12 0 1 : 1 0 0 : 7
2 : -12 1 0 : 1 0 0 : 7
3 : -11 0 0 : 1 0 0 : 7
4 : -11 0 1 : 1 0 0 : 7
5 : -12 1 1 : 1 0 0 : 7
6 : -11 1 0 : 1 0 0 : 7
7 : -11 1 1 : 1 0 0 : 7
NumEdges 12
1 2
1 3
1 4
2 5
2 6
3 6
3 7
4 5
4 7
5 8
6 8
7 8
NumFaces 12
1 : 1 3 7
2 : 1 4 7
3 : 1 4 5
4 : 1 2 5
5 : 1 2 6
6 : 1 3 6
7 : 2 5 8
8 : 2 6 8
9 : 3 6 8
10 : 3 7 8
11 : 4 5 8
12 : 4 7 8
ID 27
=
NumVertices 8
0 : -2 0 2 : -1 0 0 : 17
1 : -2 0 3 : -1 0 0 : 17
2 : -2 1 2 : -1 0 0 : 17
3 : -1 0 2 : -1 0 0 : 17
4 : -1 0 3 : -1 0 0 : 17
5 : -2 1 3 : -1 0 0 : 17
6 : -1 1 2 : -1 0 0 : 17
7 : -1 1 3 : -1 0 0 : 17
NumEdges 12
1 2
1 3
1 4
2 5
2 6
3 6
3 7
4 5
4 7
5 8
6 8
7 8
NumFaces 12
1 : 1 3 7
2 : 1 4 7
3 : 1 4 5
4 : 1 2 5
5 : 1 2 6
6 : 1 3 6
7 : 2 5 8
8 : 2 6 8
9 : 3 6 8
10 : 3 7 8
11 : 4 5 8
12 : 4 7 8
ID 28
=
NumVertices 8
0 : -5 -12 18 : 3 0 0 : 5
1 : -5 -12 19 : 3 0 0 : 5
2 : -5 -11 18 : 3 0 0 : 5
3 : -4 -12 18 : 3 0 0 : 5
4 : -4 -12 19 : 3 0 0 : 5
5 : -5 -11 19 : 3 0 0 : 5
6 : -4 -11 18 : 3 0 0 : 5
7 : -4 -11 19 : 3 0 0 : 5
NumEdges 12
1 2
1 3
1 4
2 5
2 6
3 6
3 7
4 5
4 7
5 8
6 8
7 8
NumFaces 12
1 : 1 3 7
2 : 1 4 7
3 : 1 4 5
4 : 1 2 5
5 : 1 2 6
6 : 1 3 6
7 : 2 5 8
8 : 2 6 8
9 : 3 6 8
10 : 3 7 8
11 : 4 5 8
12 : 4 7 8
ID 29
=
NumVertices 8
0 : 10 -21 11 : -3 0 0 : 25
1 : 10 -21 12 : -3 0 0 : 25
2 : 10 -20 11 : -3 0 0 : 25
3 : 11 -21 11 : -3 0 0 : 25
4 : 11 -21 12 : -3 0 0 : 25
5 : 10 -20 12 : -3 0 0 : 25
6 : 11 -20 11 : -3 0 0 : 25
7 : 11 -20 12 : -3 0 0 : 25
NumEdges 12
1 2
1 3
1 4
2 5
2 6
3 6
3 7
4 5
4 7
5 8
6 8
7 8
NumFaces 12
1 : 1 3 7
2 : 1 4 7
3 : 1 4 5
4 : 1 2 5
5 : 1 2 6
6 : 1 3 6
7 : 2 5 8
8 : 2 6 8
9 : 3 6 8
10 : 3 7 8
11 : 4 5 8
12 : 4 7 8
ID 30
=
NumVertices 8
0 : -3 -22 -23 : -2 0 0 : 16
1 : -3 -22 -22 : -2 0 0 : 16
2 : -3 -21 -23 : -2 0 0 : 16
3 : -2 -22 -23 : -2 0 0 : 16
4 : -2 -22 -22 : -2 0 0 : 16
5 : -3 -21 -22 : -2 0 0 : 16
6 : -2 -21 -23 : -2 0 0 : 16
7 : -2 -21 -22 : -2 0 0 : 16
NumEdges 12
1 2
1 3
1 4
2 5
2 6
3 6
3 7
4 5
4 7
5 8
6 8
7 8
NumFaces 12
1 : 1 3 7
2 : 1 4 7
3 : 1 4 5
4 : 1 2 5
5 : 1 2 6
6 : 1 3 6
7 : 2 5 8
8 : 2 6 8
9 : 3 6 8
10 : 3 7 8
11 : 4 5 8
12 : 4 7 8
ID 31
=
NumVertices 8
0 : 0 18 17 : -3 0 0 : 15
1 : 0 18 18 : -3 0 0 : 15
2 : 0 19 17 : -3 0 0 : 15
3 : 1 18 17 : -3 0 0 : 15
4 : 1 18 18 : -3 0 0 : 15
5 : 0 19 18 : -3 0 0 : 15
6 : 1 19 17 : -3 0 0 : 15
7 : 1 19 18 : -3 0 0 : 15
NumEdges 12
1 2
1 3
1 4
2 5
2 6
3 6
3 7
4 5
4 7
5 8
6 8
7 8
NumFaces 12
1 : 1 3 7
2 : 1 4 7
3 : 1 4 5
4 : 1 2 5
5 : 1 2 6
6 : 1 3 6
7 : 2 5 8
8 : 2 6 8
9 : 3 6 8
10 : 3 7 8
11 : 4 5 8
12 : 4 7 8
ID 32
EOF