Num 2
=
NumVertices 8
1 : 0 0 0 : 0 10 0 : 10.0
2 : 0 0 1 : 0 10 0 : 10.0
3 : 0 1 0 : 0 10 0 : 10.0
4 : 1 0 0 : 0 10 0 : 10.0
5 : 1 0 1 : 0 10 0 : 10.0
6 : 0 1 1 : 0 10 0 : 10.0
7 : 1 1 0 : 0 10 0 : 10.0
8 : 1 1 1 : 0 10 0 : 10.0
NumEdges 12
1 2
1 3
1 4
2 5
2 6
3 6
3 7
4 5
4 7
5 8
6 8
7 8
NumFaces 12
1 : 1 3 7
2 : 1 4 7
3 : 1 4 5
4 : 1 2 5
5 : 1 2 6
6 : 1 3 6
7 : 2 5 8
8 : 2 6 8
9 : 3 6 8
10 : 3 7 8
11 : 4 5 8
12 : 4 7 8
ID 1
=
NumVertices 8
1 : 4 0 0 : 5 0 0 : 20.0
2 : 4 0 1 : 5 0 0 : 20.0
3 : 4 1 0 : 5 0 0 : 20.0
4 : 5 0 0 : 5 0 0 : 20.0
5 : 5 0 1 : 5 0 0 : 20.0
6 : 4 1 1 : 5 0 0 : 20.0
7 : 5 1 0 : 5 0 0 : 20.0
8 : 5 1 1 : 5 0 0 : 20.0
NumEdges 12
1 2
1 3
1 4
2 5
2 6
3 6
3 7
4 5
4 7
5 8
6 8
7 8
NumFaces 12
1 : 1 3 7
2 : 1 4 7
3 : 1 4 5
4 : 1 2 5
5 : 1 2 6
6 : 1 3 6
7 : 2 5 8
8 : 2 6 8
9 : 3 6 8
10 : 3 7 8
11 : 4 5 8
12 : 4 7 8
ID 2
EOF